-1.0633627569596051,-0.8739945048904134
1.9771513196131911,0.9185676610001543
2.0861115126297687,0.8701374390646812
2.8346175428632465,0.3021765416008446
-2.9031628424748277,-0.23617714993509523
-0.856663112756817,-0.7556612374560587
-2.3800769894613625,-0.6900192613223751
-2.8547725169007547,-0.28290369999112147
0.16484804646026685,0.164102439334022
-2.2937900205812367,-0.7498283673790916
1.4351957715610366,0.9908203236012082
-2.1828514014352343,-0.8184690024624791
2.1351517919494674,0.8449335191179989
-2.0056658957477236,-0.906924999585167
0.8700088014426113,0.7643346123997503
2.516634793735877,0.5850630983166424
-1.419380356927146,-0.9885584868857374
1.95205982656908,0.9281952364971404
0.07203888384579837,0.07197659117033295
-1.9935746287796343,-0.9119525360466075
0.7591423889830491,0.6882995644887638
-1.068358990664147,-0.8764114351746362
0.6142519760226399,0.5763473948043796
2.590136362342065,0.5239281982384641
-1.4601172300625984,-0.9938813186845143
1.7831698134738927,0.9775333835558443
-2.201402927935079,-0.8076699837892751
1.08100153898663,0.8824294182010219
0.7252642771826094,0.663333230821974
2.5777210419204035,0.5344624514307454
-0.5427886636344814,-0.5165258504364892
-2.3628097255257576,-0.702413665626792
-0.20402391803327902,-0.20261141931234072
1.6721365484409905,0.9948694728019347
2.230565896294581,0.7901334913454782
0.6477203172211068,0.6033700162197067
-2.5050488615814595,-0.5944196702552843
-1.3655648351819047,-0.9790138341965879
2.4094084860419986,0.6684956287771913
2.1322857720750505,0.8464629987353605
1.9924418881201547,0.9124167095198689
2.7968759307389224,0.3379300785105713
0.47227453993120205,0.45491301979307147
-2.164887575431992,-0.8286575199095367
0.637993963146847,0.5955852071797687
-1.1107505842868048,-0.8960321892882173
0.4327663043357033,0.4193836800782469
-0.6527443705942755,-0.60736887296048
0.5062859412431759,0.48493246294263126
1.3280210088638826,0.9706745345281695
-2.9692836202172646,-0.1714576441539273
2.1835452823618793,0.8180701356968941
0.08247873430562791,0.08238525252157809
-2.70250575329071,-0.4251131591439782
-0.34122233274542957,-0.3346392026213822
-0.2303141112593563,-0.22828335186088536
1.5088887148476715,0.9980843357323993
-2.2427878094782,-0.7825834295394054
-2.2890982406101865,-0.7529243366902691
0.7618138282792484,0.6902350391775723
-0.17153168264722396,-0.1706917531063392
2.9453587517873867,0.19497690363687534
-2.2284100121636783,-0.791453070519949
0.025109056395467455,0.025106418082964335
1.6117553542577374,0.9991612962981934
-1.1790302897188718,-0.9242361910263225
0.7347226619846401,0.6703813919820933
1.9398594136133784,0.9326657386199323
2.2426170067431324,0.7826897506355094
-0.8016877972987095,-0.7185309682918036
2.548195730366559,0.559180449228157
0.48266938540708626,0.4641452588024556
-1.0357076834396823,-0.8602234318746115
1.0748340810760562,0.8795112053451092
-2.1744857367220147,-0.8232468049662064
-2.2526970817288317,-0.7763761333938867
1.5509057544603078,0.9998021890879715
1.8396360378638326,0.9640797330819615
-2.952086288938216,-0.1883741199832568
1.2239472842099595,0.9404485041560412
2.1707972162332894,0.8253351126946579
0.6724625132658097,0.622914273516332
1.5005037310344118,0.9975304925716574
2.247481816221665,0.7796525848659677
-1.3533152125344463,-0.976444048306556
0.5037564448726926,0.48271873881253685
-2.5566497777511836,-0.552151756325546
-0.44536946114607057,-0.43079133048513374
-1.1061491703365558,-0.8939797330531097
-2.5956306926925587,-0.5192404495296017
2.313331117515638,0.7367570094288483
0.8566777278265443,0.75567080970039
2.8312107903126957,0.3054222754107337
1.2090642128045825,0.9352852409078568
2.9850276983193593,0.15592610346739738
1.7387192539976333,0.9859340446922993
-2.488702358683465,-0.607484791677685
-1.4490028244323423,-0.9925923350834908
1.2888310577232893,0.9605104695182787
1.0382211072416752,0.8615023516473267
-0.39613236033081467,-0.3858531065716654
-0.7050909107999024,-0.648103065572971
-0.908133034642201,-0.7883565223720199
-2.8650470398181973,-0.2730341496512776
-1.3059976798500765,-0.9651452175483978
-0.39519361825600896,-0.38498689057937246
0.2922638299100573,0.28812079165676907
-1.6988381188021968,-0.9918138430563845
-2.880743429408742,-0.2579011408303785
1.5674567036760036,0.9999944234638949
2.0597120891219847,0.8828426102053919
0.41514692672704445,0.4033243810790542
1.2715711465355097,0.9555651772265376
-1.5839285302596782,-0.9999137738552663
2.575180780901402,0.5366077335481763
2.933193536715626,0.20689392020370007
1.42834409074099,0.9898708265873183
1.959095516604683,0.925554350108728
-2.6199150191378187,-0.49833532129091296
-0.9558757050824376,-0.8168192423070469
-1.7467767698150771,-0.9845553625307505
-1.1829302564454254,-0.9257182487154736
-0.7598862097161003,-0.6888389613551302
-1.6024839681049285,-0.9994979887022843
0.12085544464305142,0.12056145621262408
2.5060801113616433,0.5935900696651504
-2.838644219475451,-0.29833566475881884
-1.2990660234581675,-0.9633079275608722
-1.6289976278125133,-0.9983067823268131
-2.7206475229823637,-0.4086232591154276
2.8662750724033845,0.27185257139325286
-2.1766714410907317,-0.8220040509257192
-0.5139002463017603,-0.4915774437390154
-1.0508991633206257,-0.8678702725158932
-0.35548073863531826,-0.3480410879461271
0.8210383843531437,0.7318538432505611
2.0125138305076415,0.9040187765404692
1.6587831490517813,0.9961316561445227
-0.9615440379511186,-0.8200761280754145
0.519636683976815,0.4965648124437447
-0.1905835331055865,-0.1894318947707432
1.7614641059517053,0.9818779001409239
1.3057622473374622,0.9650835745951427
-0.0608383005197739,-0.06080077734311749
-0.08962418612777956,-0.08950425000663359
0.5830333703632604,0.5505587126388188
0.021309865178375187,0.021308252376592098
-0.057938280504494344,-0.057905870979753485
-1.0785716014342455,-0.8812836626154924
2.909573762358294,0.229942784137991
-2.4619894561470943,-0.6284844316808337
0.012484754007652032,0.01248442967898734
-1.5444280249489726,-0.9996523764711013
1.5362204843129552,0.9994023151056952
2.3212107474749235,0.7314063208516767
-1.9576571119185913,-0.9260979936925626
1.617290496402612,0.9989193407897419
-1.8496008869455858,-0.9613851180762029
-0.5963564527884442,-0.5616315828368227
2.4038727187043722,0.6726024039795742
-0.9981071937886927,-0.8404467904829735
-0.8046218215679892,-0.7205684717390652
-0.6221299377885172,-0.5827673517349741
0.4302145457610047,0.41706580758194867
2.0631210912778455,0.8812363809499708
2.1706179402319714,0.8254363264074364
-0.5494376041963909,-0.5222076900821347
-2.2951734532002,-0.7489123262981762
-1.971346317435477,-0.9208466782644121
1.073443955215894,0.878848825192022
-1.8720963756765816,-0.9549514911997138
-1.7226490536899268,-0.9884925130214548
-2.1931969713439337,-0.8124812538833738
1.3721216569188117,0.9803290194696453
1.0838011247863335,0.8837430090003241
1.077841547466332,0.8809384132895951
-1.4711236606010523,-0.9950367908236303
-0.9765464083302646,-0.8285686930999284
1.682533165009886,0.9937639317174104
-1.6069370849492404,-0.9993469938818913
-0.48965709163337934,-0.4703233011881834
0.608570512990906,0.5716951989979139
-0.5151334467864856,-0.49265098241731514
-1.7021355577609274,-0.9913873945060145
0.4901217522338852,0.47073331067927227
-1.3413706580351663,-0.9737971690269935
-0.1383884743355086,-0.13794717564591183
2.4014351143044212,0.6744042410692259
2.0209747149196557,0.9003694953399642
-2.3223139360320237,-0.7306535654023271
1.5709949795234968,0.9999999802685468
1.172533306211771,0.9217360158428359
-0.16483723018903218,-0.16409176968610348
-1.756951697709954,-0.9827230681508934
-1.1738408688171404,-0.9222423239160531
-0.5504079313922299,-0.5230349569465347
-2.101803264301648,-0.8622975927086186
2.873968495142746,0.26444091910100476
-0.013485143472196981,-0.01348473476572495
-1.479110264417022,-0.9957997765933762
2.6896813851179715,0.43668573476789874
2.1075798827286354,0.859357931457964
2.5515975275001725,0.5563569729757751
2.3767775638729187,0.6924035957086584
2.0139283621310478,0.9034131703025755
0.40652570068998717,0.3954205763973007
-2.381500725024055,-0.6889880753343306
-1.6097500767309052,-0.9992413986150456
-2.6558181895199295,-0.46689336852715413
-0.8542202559825434,-0.7540590043395003
-1.616130543750863,-0.9989725803665627
2.773939924836747,0.35942601261084317
-2.6570254464107483,-0.4658254348311166
1.9867030067065965,0.9147503801901304
0.6288997067160729,0.5882553342584028
-1.3090768652078704,-0.9659465096296833
1.7773034819547338,0.9787530653637682
0.44442632769958346,0.4299400067606895
0.42063201135066786,0.40833745415802064
-2.136495478374106,-0.844214057217646
1.5609849614466222,0.9999518689411061
2.3901995884626626,0.6826573885364351
1.4953461329281161,0.9971549841663134
0.9284632379787254,0.8007002661187137
0.10772341562934518,0.10751519339272722
-2.3966107402229455,-0.6779585150795993
1.959711054026723,0.9253211232232801
-2.3709729620370723,-0.6965799881123543
-0.43290329996103205,-0.4195080420152348
2.2983598896694755,0.7467969749132071
-0.9471987913470672,-0.8117828998767739
-2.786857014327696,-0.34734247617504116
2.8418355726329416,0.2952881285185252
-1.200484377735611,-0.9322144946506199
1.7570025816813786,0.9827136491680938
0.12441032705493882,0.1240896396230302
-1.4515541602894513,-0.9928990726748259
1.2233277480733467,0.940237720933879
2.0282571206693483,0.8971768833887539
0.2263364814775013,0.2244089567580455
-0.7156075019628214,-0.656076016314443
1.149223059825169,0.9124462945001245
0.33601114938938803,0.3297239415485139
2.392374766707948,0.6810662881394015
1.703738083901694,0.9911762516515531
2.821749255303496,0.31441790486631577
0.060661672355490914,0.060624475007332014
1.3234992148143387,0.9695775868509553
-2.0206998461877776,-0.9004890639005093
-0.5755140605902587,-0.544266114498541
2.0912105476999843,0.8676132870933636
1.92186927594628,0.9390042602942299
-1.7569370544962084,-0.9827257782417933
-1.59828593306032,-0.9996221845668335
1.6982614032201342,0.9918873202009647
1.4534320340744564,0.993120713329344
-1.4522494595395832,-0.9929815453164162
0.6769025913032087,0.6263815510690639
0.42741625434988073,0.41452087728031545
-0.9258898222321994,-0.7991559727611598
2.781142286768029,0.3526956944128814
-2.072378943382672,-0.8768227163676722
0.3655488578857229,0.3574619418791363
-2.926483835720796,-0.21345373952669233
-2.209119252384215,-0.8030961706292825
-2.17546912231814,-0.8226881550969446
2.6773550871106666,0.44774119165318726
0.40693484679673997,0.3957963440598339
-1.25880313255833,-0.9517236374464912
-0.67234398152089,-0.6228215429295078
0.7920023039471311,0.7117611597484136
2.740608454351376,0.39032466108647473
2.4241460233655703,0.657462886538302
0.7561806982325008,0.6861480597187863
-2.960378916373795,-0.18022356896788583
0.32715951693570844,0.3213545075090981
1.886622972412317,0.9505399456550812
-1.5914305871455456,-0.9997871212032167
-0.10519512062264091,-0.10500121284059417
1.5572820381505794,0.9999086833910401
-1.6894053467842671,-0.9929741926320134
-2.992150975096039,-0.1488860570530711
-0.720794863471026,-0.6599820465177252
-1.9993738238781462,-0.909557829754704
-0.4023382646461897,-0.3915709601370571
-0.8175580958206172,-0.7294777326929767
-2.3922692910549923,-0.6811435159194177
-1.8468971092149304,-0.9621257004983863
1.560230852648595,0.999944185897242
-2.4340135223234416,-0.6499959681910674
0.43278387811576646,0.4193996336506271
-0.050371674379875664,-0.05035037569370741
-2.989746904456224,-0.15126290024566783
-2.089876236211583,-0.868275987015635
0.6483847467973254,0.6038997399115086
2.380626167949,0.6896216668389608
0.36265458178163534,0.3547574038117669
0.8522826874477261,0.7527849817415012
-1.7390412149601064,-0.9858801826942809
2.2674019167665858,0.7670245158041463
0.6342580325265876,0.5925800141213028
-0.33396308522895435,-0.327789720304387
1.7159862539582722,0.9894784449883651
1.405802943908367,0.9864194422010639
-0.0798349327790766,-0.0797501535937235
-2.555342821958112,-0.5532409505061003
2.689629343271444,0.43673255175661463
1.879369052124038,0.952768002197432
-0.43175929713263583,-0.41846929730760746
1.7290276137742744,0.9875075272214308
2.111880119796865,0.857150960747718
-2.627516394830748,-0.49173071373169397
0.34851609025200414,0.3415034861130472
1.5891439522159603,0.9998316870424581
2.98269012619565,0.15823465598739211
-2.2191775820081965,-0.7970623974577243
-0.0720069939163066,-0.07194478391646965
-0.3960451634453621,-0.38577266072608846
-2.7250338402673653,-0.4046159354645784
-2.6792953737514535,-0.446005417025208
2.9125092453164356,0.22708497333142483
1.05735754184869,0.8710606141842879
-0.11176093173087187,-0.11152841855993217
-1.319263082355184,-0.9685319522362844
1.6059939639599108,0.9993806271166904
0.9787049102597556,0.8297752800293818
2.224232609890244,0.7939995107354948
-0.46155219909976886,-0.44533842348014974
-2.536385565089157,-0.5689323947879867
0.40422705315630214,0.39330822544197297
-2.4995169232850705,-0.5988590880842294
0.98139821567975,0.8312753960830709
-0.021011995047442333,-0.021010448935154462
-1.5786819596119213,-0.9999689085586518
-2.5994187759424117,-0.5159993290778611
-1.9734413894860776,-0.9200277372417434
-0.5531963292537556,-0.5254095033399745
-1.8193132729180994,-0.9692782694406139
1.0795300071120213,0.8817361885047487
-1.476467617034323,-0.9955543451425932
0.6808713639445099,0.6294703340506461
-2.878086077354336,-0.26046768453951175
0.9001330993858501,0.7834096385937612
-1.743489834466784,-0.9851254983069212
2.3437868661592303,0.7158256426279179
-1.8439903201884678,-0.9629140433723492
2.5712535476914855,0.5399175112880635
-2.9733726192429284,-0.16742777495173558
1.058073863003731,0.8714122301033705
-2.5158941125552827,-0.5856636211589373
0.5911994622385253,0.5573573044198881
2.9007034696275475,0.23856623049291867
0.9198356449092588,0.7955020396643638
0.10447285182605803,0.10428290935253068
-2.9305806323571986,-0.2094495809780317
1.654131780460741,0.9965296102083798
1.4246218412359193,0.9893355191691104
1.8705884873850716,0.9553978892365674
-2.8928904642387385,-0.2461462863959665
-0.28501291029616205,-0.28116984078801377
2.141384343091973,0.8415835171923053
1.2110407692148737,0.935982906482256
2.9622586719111412,0.17837427584252408
1.6332189095159375,0.9980523431396608
2.734073656810958,0.39633272380840806
2.307588824829547,0.7406275361184435
2.207077351294907,0.8043111611817418
-2.74691261617701,-0.38451284474698594
2.131594184599323,0.8468310303331897
-1.3492451507403858,-0.9755577628244505
0.005678277748283556,0.005678247234367646
1.358804725605637,0.977613806347071
2.7855105341190542,0.34860480704887764
-2.5471334253821727,-0.5600608332165542
0.4973014580464463,0.47705560249931
-0.40736508179393116,-0.39619140869705693
-0.9689305060679989,-0.8242806572761491
-2.603483475433857,-0.5125132992378227
1.0652935790154743,0.8749311307176527
-1.0884952960681713,-0.8859300074412925
-1.4192266702297256,-0.9885352934090548
-1.3680482973712182,-0.9795169287965141
-1.9955217244468768,-0.9111519228583169
-1.2475245909242347,-0.9482011607937185
-0.8690881179084933,-0.7637406135456427
-1.1900481434739023,-0.9283868591706365
0.7694718594719472,0.6957559838375
0.41922023024349286,0.4070483300235629
-2.0498673157408565,-0.8874235379106054
-1.7526929742934343,-0.9835023674230755
0.5939227304300392,0.5596162902561924
-1.0190480618949296,-0.8516094239484983
-0.8546979706834463,-0.7543726844929697
1.0700434536947077,0.8772213666181696
1.8155752267738885,0.970190930468017
-1.8079610650160818,-0.9720080189712988
-2.9364216502647134,-0.20373457961140143
1.3651030490384946,0.9789196206619019
0.7244790230002569,0.6627454017046986
-1.405153356891692,-0.986312542150521
0.9907945086528298,0.8364616535284313
1.9942201821856251,0.9116874782469201
-2.82841254552981,-0.30808561245920474
-1.9398609410853143,-0.9326651875959242
1.944915920660966,0.9308297298267875
0.7842929864592554,0.7063248714024782
-1.4675884556844567,-0.9946787935846854
0.5486686774499279,0.5215517809347194
2.939513262464053,0.2007068415612556
2.3065889190475506,0.7412990182637419
-2.0846847892861415,-0.8708396555143266
2.844383939611866,0.29285244149634754
-0.39413997884917373,-0.38401425002954714
-0.607326164852481,-0.5706738112067262
0.7364630359976942,0.6716717626599744
-1.5860229578624303,-0.9998840770929226
2.5134382273669793,0.5876524810530314
2.907998075764173,0.23147596278512453
-0.046650027367820535,-0.046633109049112165
-1.6107059283137763,-0.9992037175533701
1.91730819716466,0.9405630677334663
-0.885376309932818,-0.7741532454574894
2.356267107682168,0.7070554310027131
-0.05157540766352042,-0.05155254541212241
-0.013034331795338083,-0.013033962723101766
-2.797380487873156,-0.3374551608632589
0.3619778417201962,0.3541245988287737
2.0880851994075975,0.8691630940519172
-1.1650127057390218,-0.9187933536074434
-2.744799143305088,-0.3864629728496231
-0.2636979296164972,-0.260652428123072
1.934210883498623,0.9346885097729072
-1.1350656294304784,-0.9065618767597223
-2.9642631758143576,-0.17640156171043747
1.5922252132295025,0.9997704101988705
1.3294585981842442,0.9710191242294841
1.0966550044602972,0.8896851000351357
2.5452926675085727,0.5615848620974999
0.8675753910349426,0.7627632396899083
-0.534367203650874,-0.5092965625390227
1.2033019065193953,0.9332304744111442
0.29742649241779606,0.2930606650708934
-2.7187721721587206,-0.4103341781564296
0.7958324953156195,0.714446341284008
0.008048050001543405,0.008047963121637688
0.6925010359931503,0.6384641034274803
0.49922425130680015,0.47874461089113285
0.36541859426661283,0.35734028204368834
-2.8603391568795233,-0.2775601109665159
1.7468209914062038,0.984547619538372
0.9121102198224493,0.790797119334893
-2.957298990013201,-0.1832522040235785
-2.565237227919172,-0.5449717535638605
-1.2575456029253806,-0.9513368784932172
-2.967778975782349,-0.1729398124044781
-1.090466854693986,-0.8868427312844381
-2.499219595138648,-0.5990971781684489
0.11163949780084703,0.11140774140444473
0.06456402872700018,0.06451918206770255
0.2888088029638105,0.2848105652343382
2.6172556137459866,0.5006392192747192
-2.9447698379880523,-0.1955544810604776
-2.3126292837351876,-0.7372313781867252
2.540143583382597,0.565837849407699
-2.1456373897941776,-0.8392787272914023
-1.9823248362546277,-0.9165104735719319
2.498311250068216,0.5998242213029263
2.846828218289417,0.29051445324978903
1.9261509190650097,0.9375231770174459
-2.7984218139761516,-0.3364747344954638
1.9397875345593132,0.9326916659872846
2.746430682174184,0.38495768282005244
-2.127800757305064,-0.8488425124094107
-1.1970734852085683,-0.9309746509363358
-0.18835852683084298,-0.18724670766255938
-0.8757725796369953,-0.7680384942413564
-0.8249551658572223,-0.7345173589884518
-0.41636887988365334,-0.4044422365616694
2.712039012499801,0.4164650359535314
-1.2070650072571063,-0.9345758638796906
-2.6280817254654454,-0.49123837504137635
-0.228941681499097,-0.22694694689626524
-0.08279059486547968,-0.08269604891791603
1.6240159957797387,0.9985841676396482
-2.392009637180378,-0.6813335985203657
0.08478923966134788,0.08468768149316899
-1.6818557276747035,-0.9938392409765276
-1.5248759533865008,-0.9989458449122558
-0.09549394162460745,-0.09534887143186564
0.9388826567058866,0.8068986007471782
-0.9227193884358362,-0.7972461365696228
-1.1249439684256717,-0.9022434331837068
0.17885428487589072,0.1779022515710953
2.5534686163256595,0.5548012310947468
-2.349385633657063,-0.7119049417554145
-0.4181306376146532,-0.40605284747175135
2.2547943969601825,0.7750525522463044
1.832545324109205,0.9659388670798917
-0.2593864836127353,-0.2564876074584144
0.7216264356455717,0.660606562936192
-1.7602697703831682,-0.9821035438386803
-0.5746022327909488,-0.5435009444900233
2.602721856315891,0.5131671370906901
-0.7554804870885521,-0.6856385146118931
-2.2779027582770337,-0.7602448242564864
2.3871055592828014,0.6849150439130645
1.9231640268154768,0.9385582013981006
-0.0980722489521968,-0.09791511201105503
-1.7444028625529744,-0.9849681962478053
0.28915231834308486,0.2851398367084835
1.2181881539528794,0.9384751820419226
1.8522582146391064,0.9606504105480285
-1.4518117689210883,-0.9929296847975537
1.5041971364731772,0.9977830935212191
-0.6251989506885227,-0.5852586030309123
-1.6547860664755987,-0.9964749347773192
-0.33758852967433395,-0.33121269979912127
-2.3003851719339643,-0.7454485260439457
0.5604742173625605,0.5315879212628506
-2.286566616778689,-0.7545880017161978
0.35980314893738097,0.35208999416666376
0.32245842193993957,0.3168992288491726
1.274220737786214,0.9563428683771129
2.1172409814750095,0.8543774635835574
0.4858178886600877,0.4669317690436068
1.0440460440713446,0.8644453521528414
-2.206135666591731,-0.8048703613875123
0.1425453570340256,0.14206311313511666
-1.0071429610382991,-0.8453088436793246
0.7554174115798169,0.68559259792425
-0.3057544505494292,-0.3010127200356515
-1.5562824980763788,-0.9998946762368659
0.8376689459995412,0.7430852063648702
0.7654566618947163,0.692866354175252
-0.5314714638771147,-0.5068023828920766
2.1525820655514467,0.8354826891698545
-2.4344379332348645,-0.6496733838273125
-2.648478724187987,-0.4733711242381442
2.5796978717845302,0.5327906069975011
1.7414457158712082,0.9854746939343111
-0.09246134680294293,-0.09232965954588014
2.747965903340785,0.38354032156600004
2.501752899380996,0.5970669012259942
-2.567611147523969,-0.5429797964937715
-2.832365073206671,-0.3043229443815221
-1.9690034374122798,-0.9217576972872237
1.4800327314276434,0.9958838118158884
-0.9131587500456622,-0.7914384671670764
1.5664198822561097,0.9999904233818848
-1.8311643303099139,-0.9662953061524622
1.847522941063752,0.9619549064560652
1.7887588977325368,0.9763400508676864
2.0327802884140924,0.8951699586209952
2.754228377505582,0.3777492924253476
2.7789202872270415,0.3547740315989274
-0.9484825985260095,-0.8125319219033806
-2.800209136138715,-0.3347910900893596
-0.37813452939985304,-0.36918742844487845
1.346651030942473,0.9749844409259167
0.7329335128448182,0.6690527411789009
-0.4383621290292581,-0.4244570279266122
2.676344468378531,0.4486446209269453
0.6629631099851006,0.6154549908299264
-0.6653773739526176,-0.6173560506805889
-2.1127597429286573,-0.8566975658772435
-0.18316074717391695,-0.1821383551387355
-0.25036906154733884,-0.24776153071499335
2.391199013763818,0.681926729084157
-2.937618703651254,-0.2025624873421234
-2.1573054551094577,-0.8328777971039666
-0.4282630605137481,-0.4152913558799661
2.121618946603755,0.8520942607865603
-2.454163731308722,-0.6345521470672039
-1.3402923243543825,-0.9735513701173787
-2.5955882016075096,-0.5192767631402642
-1.5807318507355101,-0.9999506430880356
0.5761554594457117,0.5448040801072698
2.979909106659834,0.16098002351106103
-2.6286574411494232,-0.4907368308034452
-2.4008125151216158,-0.6748638141087062
2.1544293455052816,0.834466152922874
0.018196375968611456,0.018195371823994857
-1.3987257716139434,-0.9852323530723369
-2.8998680603860927,-0.2393774349766071
2.6545407886118806,0.4680226103166595
0.43722797623661425,0.4234298386845144
-2.006344624270053,-0.9066388477356179
-0.44405015769411627,-0.4296003484544662
-2.3239255913744916,-0.7295522618728417
0.9775256922658317,0.8291165844690251
-1.9329996155928502,-0.9351183907879272
0.3050723623198732,0.3003621970012797
-0.5437692658801936,-0.5173652638110946
-1.1672159826540556,-0.9196608418298701
-2.2165391578673397,-0.7986529576323724
2.4986928278680827,0.5995188651093297
0.7957607673305565,0.7143961520754232
-2.109068995510955,-0.8585954845438265
1.6005223422327326,0.9995582145359936
1.4975206220752106,0.9973165365711452
-0.9698892773800507,-0.8248231168370892
-2.5404688826832498,-0.5655696048195342
-0.7043364906135956,-0.6475283505125715
1.2137826222920305,0.9369446439284228
2.0906376038983776,0.8678980350005541
-0.9703302597375512,-0.8250723640240968
0.34223768539542787,0.33559584380287827
-0.5405503017288087,-0.5146079123510476
2.1519270167045725,0.8358424702198018
0.005502584559797796,0.005502556791563329
-0.21524353578249578,-0.2135853506822899
-0.7965424698177248,-0.7149429234054769
2.749921244557722,0.3817337847112733
-0.8627963766277444,-0.7596640583472779
-0.3308198703275371,-0.32481855144521915
-0.08001074004346709,-0.07992539965821721
-1.4182701716663912,-0.9883904195330722
0.6430888165182331,0.5996701151938282
-0.8712611022472041,-0.765141521231521
-0.07331338352294559,-0.07324772640346529
-0.5383262379082865,-0.512699671876251
-1.307757293427259,-0.9656042403097199
1.208231337767863,0.9349901664160171
2.7659489147029444,0.3668714570937902
-0.89071725377294,-0.777522995755482
-0.9579800133778305,-0.8180313950975012
1.4296699392300738,0.9900581884490978
0.27427993664429806,0.2708538595012324
1.5836376500027196,0.9999175513421246
2.1853399882529994,0.8170366502580432
-0.04043721759454577,-0.040426198217654793
-1.9860618058219708,-0.9150092497771507
-0.7453782916095051,-0.6782498395243799
0.3607436338510346,0.3529701003678195
-1.9669547901775628,-0.9225501589188535
1.2079404733265369,0.934886964917148
-1.7846830368616913,-0.9772133062627211
-2.7862775155695307,-0.34788583602914386
0.022494482041744313,0.02249258504862971
1.223771790985074,0.9403888331767812
-0.00904652118550553,-0.009046397792146667
-0.2291176777101267,-0.22711834734403571
-0.7918155481201041,-0.7116299660170389
-2.0070566452598175,-0.9063382108925014
-1.711509575353357,-0.9901162154226468
1.6990476897259175,0.9917870607017745
-0.08404191839176578,-0.08394302136203234
-1.467154813783743,-0.9946340242185395
2.3570810169385688,0.7064796343266199
0.5694599578823052,0.5391773080799289
-2.7681828192681213,-0.3647924053426606
-2.0458693653045676,-0.8892593159325796
-1.7066552963095618,-0.990785356686978
-1.9672280306618088,-0.9224446872114713
1.9857520412653829,0.9151341750768208
2.9911702104589093,0.1498558186768366
2.3265415414964288,0.7277606538183254
2.4335842990509438,0.6503220912335189
-2.8829460456052076,-0.2557724123679217
1.1849089529781391,0.9264648064768453
-2.242584535148441,-0.782709960934539
0.45381923452815487,0.43840137209483016
-0.10922363912569288,-0.10900659920578434
-0.6232434729324505,-0.5836718923771512
1.8006468678038363,0.9737004574210248
-0.12772660097819433,-0.12737959372550375
0.7299316835432212,0.6668187257727006
1.1389378642215648,0.9081894416063464
-1.9054766345247534,-0.9445153663322701
-0.5367633328524719,-0.5113571859434687
1.6604341114301127,0.9959852230682825
0.1710286251448263,0.17019605665846912
-0.9073873305279019,-0.7878975321396872
2.4301126671573297,0.6529554220240427
-0.4642817027887425,-0.4477806562808412
-2.465804069508054,-0.625512775437228
-0.059107264003488424,-0.05907285314909334
2.580524459914052,0.5320909272483768
-2.684612128284815,-0.4412404794487096
-1.126036985356959,-0.902714232631589
1.7699634272889622,0.980231709462922
-0.30256966816201025,-0.2979741260315994
2.7171673770532543,0.41179711834006816
-2.5008880366155584,-0.5977604633522855
-2.4043593887639942,-0.6722421865224826
2.2463296907299712,0.7803735424097649
-2.456142686763778,-0.6330214103365561
-1.6613642078253081,-0.9959015320997784
-1.7775984509071974,-0.9786925416068194
-0.31832089021574816,-0.3129722474411225
2.9069067792294554,0.232537482340008
0.3904496284404768,0.38060424209678123
0.6828230877486723,0.6309856714353025
-2.8238116973881375,-0.3124593928901625
1.4256475963252706,0.9894844045012381
-0.6951344171319138,-0.6404886733213557
-0.17767172725193792,-0.17673843379073517
0.5947122666901814,0.5602704453910518
-0.7238485455855486,-0.6622731402820531
-0.7873673364273959,-0.7084978249362889
0.6522262728811583,0.6069572043045428
2.970004726383504,0.17074717197708048
-1.3039066547464289,-0.9645958554478148
-2.188357302591282,-0.815293193262382
-2.9547971756089497,-0.18571107647646154
-2.3893609422590045,-0.6832699795448398
1.2219278377551852,0.9397601040445938
-2.9318029979419045,-0.2082541719568865
-0.7639082936522952,-0.6917490483304658
1.281957543344686,0.9585752818349258
-0.4578920006510683,-0.44205824390591353
-0.33197277027519956,-0.32590872083991496
-1.5830716171727703,-0.9999246595691186
1.6489502809844367,0.9969475339124473
-2.6050060156938453,-0.5112053319220804
2.5690594210720272,0.5417630458993989
1.4789593625565223,0.9957859490344668
0.3555154947600965,0.34807367088275093
2.4225250514013057,0.6586834034333272
1.662208946114399,0.9958247751708558
-1.3445484542334774,-0.9745149398658812
0.7375987980177934,0.6725127572712195
2.310648320297048,0.7385683496331474
-0.3617111277893854,-0.353875155834583
-2.542179695032916,-0.5641578699195463
-2.7717451271133,-0.36147327252661704
-2.0950814883443165,-0.865682006832433
-1.3115875487682112,-0.9665930833992472
-0.12623655355360475,-0.12590154330599462
0.010724547966413311,0.01072434238528751
0.28460926351063964,0.28078245501684523
2.632067566876991,0.48776271388308906
0.3097634865183112,0.30483338818492006
-0.5888363714361411,-0.5553937401567995
0.011090494484967017,0.011090267132951154
-0.5286635862865303,-0.504379822905348
1.2114896186606163,0.9361408275977172
1.8957098479886625,0.9476783363138596
-2.063842355646967,-0.880895227525336
-2.7884689424794367,-0.3458304587398456
-0.31569458535317185,-0.31047680567785174
1.3471198773233644,0.9750885457110215
2.063413310745428,0.881098218246998
-0.9321848798657948,-0.802924221929728
-0.237743464773974,-0.2355101647458098
-0.4557465218969208,-0.440132762815198
2.0007257455160135,0.9089951706851201
0.8941727335732352,0.7796913435375358
-2.7624101875592078,-0.37016113065724887
-1.5467664187881436,-0.999711295653363
1.5242134711690865,0.998915214964056
1.8253893072306955,0.9677658843481021
-0.8359788420540042,-0.741953133434248
-1.937848823584517,-0.9333891567870933
-1.3058776562849852,-0.9651137986367395
-1.2854981610368093,-0.9595777784757229
-1.714354765510754,-0.9897131723473673
-2.9482624763391385,-0.19212808986657712
-0.17961425624515526,-0.1786500485553566
-2.0225272023526113,-0.899692882679165
-0.2804472794960686,-0.27678548129821284
1.5924688520711001,0.9997651600162881
0.37058226526826266,0.36215823246653306
2.923641994671451,0.21622921948626483
-2.7661128121727785,-0.36671898299803635
-2.0058844053622753,-0.9068329215572801
-1.3545771623301195,-0.9767155625978617
2.554803990205767,0.5536897284858034
-0.5857466941370788,-0.5528217562589576
1.8067981536662305,0.972280584976564
-1.2831751230861024,-0.9589213857711961
1.157557321555128,0.9158249165480384
1.9000534764957653,0.9462827979411854
-0.7168445578141887,-0.6570091137119297
-2.2689487740922383,-0.766031107361226
2.792869042876002,0.3416985231952743
0.6985046067620617,0.6430732275290445
-1.1407209535843759,-0.9089343262021913
1.2243125717292216,0.9405726158552691
-2.99640627195211,-0.144676852930995
-0.6522404563654884,-0.6069684763480564
-1.5023850171977895,-0.9976608588590808
0.5806579192555663,0.5485741430279137
-2.285016122797482,-0.7556045266694228
1.401727564995996,0.9857418886014078
-2.641920025416769,-0.4791382171121549
-0.8181069095964277,-0.7298530139410492
0.39502438021133646,0.3848306915451808
1.347860786190143,0.9752526234853157
1.3241868316279222,0.9697456753508966
0.1566968709736507,0.15605640431604387
-2.9292767718296497,-0.2107243427606053
-2.354654190356577,-0.708195098401213
-0.5909799610449031,-0.5571750451352945
-1.0689827705326986,-0.8767116540010661
0.7632837448004812,0.6912979030047447
-2.9151886569291507,-0.2244747494589163
2.001450726044043,0.9086927551272531
2.0142627304667755,0.9032697523292122
-1.6906164446605523,-0.9928301538786608
-1.8781647463068163,-0.95313305775865
0.2860237211585872,0.2821397297354103
-2.3742848938239036,-0.6941999301255968
-0.6224187655261963,-0.583002040120317
2.2252037837315397,0.7934087419422047
-1.0194981965549637,-0.8518452878397808
-0.1269811180856335,-0.12664014817906927
-2.2318321842836024,-0.7893567060972887
2.607051976227753,0.5094458448039991
-0.21690692365500563,-0.21521005866449908
2.2395224869496353,0.7846120664194913
-1.1984207518576109,-0.9314656711304504
-1.034319505579014,-0.8595147473615365
2.6069394870680638,0.509542638808468
0.11966717321425646,0.11938176735741007
-2.2452205046639957,-0.7810666513871364
1.0730229400834395,0.8786478808419534
1.802486629638734,0.9732796531901743
0.06154209249969833,0.061503252136511054
-1.1031751972541692,-0.8926431222826191
1.1774015914069782,0.9236130938428648
-0.8710929688798608,-0.765033255707871
1.233147657015646,0.9435361969557534
2.704113050656,0.42365778117413444
-2.7316112335793292,-0.39859228782032957
0.23379101545724712,0.2316670608258506
0.4238275867505843,0.4112523847285593
2.3026209352573863,0.7439563866251216
0.26425832556782947,0.2611934117469165
-1.1641311516332686,-0.9184450129689092
-2.375244831949628,-0.6935086639819206
-0.911271262117368,-0.7902833332394941
2.133684591338657,0.8457173729557579
-1.3214249131568645,-0.9690677450363615
-1.0977205010751045,-0.8901710736786297
-2.1779732417183304,-0.8212620030576913
-1.147980465421151,-0.9119371249470739
-2.367188754221295,-0.6992900842251267
0.885360119765048,0.7741429970085719
-0.7372008845591695,-0.6722182140449872
-2.0813519081426737,-0.8724731507916302
-0.9246892095232031,-0.7984336801722288
-1.2667614045731745,-0.954136314598479
-0.3563280542839662,-0.3488353037786447
-1.0744028880513183,-0.8793059282381467
0.8545571335694397,0.75428022499776
0.9319213726432878,0.8027671223770002
2.9192146165614226,0.22054972411344134
1.3687407511043244,0.9796561277002658
-2.2207480796809307,-0.7961129961199771
-2.312035256098041,-0.7376325971362897
-0.17092426116702653,-0.17009321440142527
-1.468379223953349,-0.9947599512800755
1.6248791262249762,0.9985378818401405
1.0454792277728506,0.8651649639670509
1.3395359689374269,0.9733782884829614
1.8480710476986255,0.96180501470326
-0.8480453567791955,-0.7499889391979833
0.14719022827396744,0.14665932521790787
-1.0048457624020577,-0.8440792717163779
-1.336494082094683,-0.9726765720062672
-0.4348990696932242,-0.42131886854878997
-1.7071857030168438,-0.9907133782857844
1.116480634904458,0.8985615454625284
1.7659059520929201,0.9810264219405064
-1.7848692246615716,-0.977173769169898
1.617932383189851,0.9988893017631149
-0.37839201017028934,-0.3694267072355939
-0.5537944291014183,-0.5259183022840526
-2.843126997748138,-0.29405404441659616
-1.6760379534560979,-0.9944672095115198
-2.471369174420131,-0.6211611393432234
-1.826040898058051,-0.9676015747705364
-0.5764818949762449,-0.545077787951595
2.434755445447288,0.6494319740278577
-2.0871269381276285,-0.8696365796015066
2.2378324715502638,0.7856587330468691
2.5638104487001376,0.5461674877787946
-0.9622319942090107,-0.820469620003131
-2.752948888218148,-0.3789336721586746
-2.0983569325609386,-0.8640376972816348
2.1114580704748684,0.857368267348209
0.8876676084228219,0.7756015998946952
-0.3556743188636782,-0.3482225588770433
-0.23466270751319307,-0.2325149504931597
-2.7833186569556503,-0.350658348281604
-0.8923258023702827,-0.7785335324621605
-0.4464977536100383,-0.4318092853623774
-1.9035278435616105,-0.9451536863681427
-1.3321343310383846,-0.9716551524086037
1.5188419700803903,0.9986506759643163
2.9224282386361455,0.21741410167611075
-2.088565931717332,-0.868925259219643
1.9668315084826808,0.9225977235018633
-1.1400796035265361,-0.9086667352321467
2.7499397127065963,0.38171671504740784
-2.4631945498174366,-0.6275466269825313
2.994282040022979,0.1467784077289415
-2.169653131159389,-0.8259805722663303
0.2885014221681663,0.28451590152650813
0.26995643652045853,0.26668945122201954
-0.88746485173648,-0.7754735993201429
-1.5036477542172402,-0.9977463815754574
1.9389832111495666,0.932981463383489
-2.415885402796426,-0.6636646535778485
2.30069401830459,0.7452426248704597
-1.8549234222320168,-0.9599067106353439
0.0958135316099078,0.09566700046402378
2.086835044262153,0.8697806483449855
-2.8970437441847046,-0.24211868030233527
0.15401925961770857,0.15341104239470552
-0.14495408824033795,-0.14444699960092072
1.141966816175934,0.9094530697488789
2.793810427881395,0.3408136492354748
2.8630653032578666,0.274940051437659
2.5896717022807483,0.5243239216483925
-0.2961177096480352,-0.2918090952797342
-1.7755882499271696,-0.9791033209415008
-2.206246019590586,-0.8048048674254311
-0.07418973400137219,-0.07412169457078967
1.4889084846559069,0.9966490637912659
-0.6875175911328713,-0.634620674959305
-1.1446230661046508,-0.9105543462591769
-0.3797966390665053,-0.37073160763725793
-0.8774280625722333,-0.7690976186663965
-2.9263797594869914,-0.21355541597724578
0.40991652435743564,0.3985327693457267
0.24373773010650535,0.24133155674035783
2.352438021050128,0.7097580107359183
0.46495401658040736,0.4483816999994673
2.2377529045225755,0.7857079555074611
2.4175170659610448,0.662443237299081
2.8050018651253765,0.330271110273649
1.1226262496241022,0.9012415476431718
-2.446504705079372,-0.6404529862333845
2.6273009369296156,0.4919183117078615
-1.908745356258568,-0.9434366544103597
2.322631680470135,0.730436589017704
2.2662108447040685,0.7677881845807618
1.3589265413360376,0.977639430016477
-2.6707737980484447,-0.45361619909511647
0.1800875077106907,0.1791156666494793
-0.3392514124533248,-0.3327812643642468
-1.5483765219825611,-0.9997486867031894
0.35297167001170227,0.3456877950337348
-2.7749405663777313,-0.35849206056799915
2.5967770471788763,0.5182604017017751
-2.8420698595920046,-0.29506428072314744
2.0161461354901675,0.9024600322652425
-0.9463898143281488,-0.8113102246003304
-0.8204243243630005,-0.7314352469755885
2.4282185598121684,0.654388839853286
1.0744805363582497,0.8793429061659418
-2.2492111870249785,-0.7785684662720658
-2.3484568543885995,-0.7125568938459634
-1.5953717473251405,-0.9996980395507901
0.14514461023722713,0.14463552088299197
1.2178235698576145,0.9383492117642941
-0.014194278125474469,-0.014193801492256339
-2.98649040533454,-0.15448112093915986
-2.807845663046048,-0.3275855570458602
-2.591171938813094,-0.5230458523259468
-0.6667666100089824,-0.6184483441807852
1.8872708449499314,0.9503385154556818
1.875654436246692,0.9538895517289708
0.792877748240346,0.7123758178703696
0.08159019918454558,0.08149970552017555
-0.3741755177555217,-0.36550521766963834
-0.07092334048367999,-0.07086389661457061
1.10536118431357,0.8936263531802748
2.830469735045013,0.30612783691392126
-2.3753809641508967,-0.6934105813450899
-2.508153328088364,-0.5919203375971247
-0.36194503736014605,-0.3540939200580967
0.06808774660144268,0.06803515032921413
-1.6494527767929454,-0.9969081759810491
1.0264859011437224,0.8554845752574076
1.9404227926388593,0.9324623562753074
-2.244076411293468,-0.7817805664764325
0.03880954225814559,0.03879980062872536
-0.9123745486986232,-0.7909588816910487
1.8651798502677837,0.9569811947896386
-2.615370844031712,-0.502269891363459
1.3131176819348838,0.9669841490723815
1.7866193681689513,0.976800469565676
-1.6107837163173335,-0.999200610866131
0.35953969256621354,0.3518433957046588
0.19841121641944515,0.19711196701960865
-1.6908800808247024,-0.9927986059919546
-0.42348278232666425,-0.41093806363629165
-0.1934521168331269,-0.19224775626854568
2.3995650624543874,0.675783836864917
2.2941471190709777,0.7495920516480813
-2.5772367830192335,-0.5348716806027646
0.0590212942735886,0.058987033332160335
-0.4386430756374473,-0.4247113937397356
-0.7281434616324818,-0.6654850416689511
1.1318451184544234,0.9051978872994328
-2.806133582689294,-0.3292026865065504
-2.495737617241038,-0.60188147801359
-0.316617865627288,-0.311354325865991
-1.3774291414860491,-0.9813627464765663
-2.970235904526316,-0.17051938415353002
-0.8525566629208248,-0.7529653023591607
-0.7301968073776406,-0.6670162779077828
-1.2506104914683076,-0.9491769441124386
-0.016976232511900946,-0.016975417119919865
0.9845911326444039,0.8330459731022687
-2.1815461331608033,-0.8192182478103482
-2.1559932274382376,-0.833603341312655
-2.9035753963303073,-0.23577624713448794
-0.42991780190863516,-0.4167960857712564
1.3934699141967002,0.9843188271404457
1.7453091891226666,0.9848112366951091
2.413833282900776,0.6651983028110456
1.5022021932771734,0.9976483447156905
2.253633678153853,0.7757854844566934
2.483065695422269,0.61195249560358
-0.33168681208337425,-0.3256383622891771
2.8569919284244056,0.28077426014671075
0.6742557370593527,0.6243160924562681
-0.7835823758621872,-0.705821660517683
-0.016143621090479954,-0.01614291988394118
1.930560728392348,0.9359797929495571
-0.15900091872327238,-0.1583318069708409
-2.098781492453637,-0.8638238844552865
-2.039203203815437,-0.8922886600203288
2.489518362940725,0.6068364117692999
0.8722269073349258,0.7657630096091992
-0.5291697025676654,-0.5048167805361383
0.1223816083496998,0.12207634688332673
1.5084631369976655,0.9980579156658678
1.852623819447432,0.9605487958425462
-1.9369706121058043,-0.9337039568947292
0.24490060611627484,0.2424598978741306
-2.4097301419358343,-0.6682563735416108
0.5245159965257855,0.500794126189165
1.0112236154901817,0.8474820035199063
2.576195768215288,0.5357509786965512
1.9192125704864607,0.9399146010795103
2.9844826232865094,0.15646448834655563
2.9412284189636733,0.19902629179230252
-1.6327053153950661,-0.9980842505605853
2.6887554307404855,0.43751854907815313
2.371528982002399,0.6961809477281764
-2.6246061131363705,-0.49426274774275264
-0.5006666034661507,-0.4800104316196618
0.47514248984389296,0.45746515771685337
-1.8907431724082893,-0.9492521373340301
-1.256071189161017,-0.9508814998853158
-2.717145027379819,-0.4118174849482358
1.9947138061689653,0.9114845448168659
-0.22185378068648998,-0.22003834691501895
-0.361196140840109,-0.35339344541241124
-1.2610050294867294,-0.952397215703536
1.0871722177506928,0.8853155633931337
2.1452285716958563,0.8395009321244367
0.5186747163080625,0.4957295952197041
-1.1580162680649129,-0.9160091228161891
2.6088202013081467,0.5079234866839929
-2.732892723467146,-0.39741667030361383
1.883803333241345,0.9514119524431692
-2.6901818508740427,-0.43623545403734393
-2.800913222411696,-0.3341275520313151
1.9084522236743453,0.9435338028136426
0.1880073301820282,0.18690171111705722
2.5748792619206107,0.5368621404621241
0.6004580511383502,0.5650204600656897
-2.2182346683235403,-0.797631465749565
2.440213436494571,0.6452719575949369
1.5486914324381083,0.9997556967707304
2.366223320120735,0.6999798872163221
-1.6846109911668716,-0.9935300997503546
2.5712373459291804,0.5399311485310998
-2.2850589487597874,-0.7555764737682077
-0.6177554836592636,-0.5792069349913559
-1.2046011764704283,-0.9336964860573432
-2.79804102622896,-0.3368332950557916
-0.05770215579589788,-0.05767014086517474
1.6582562063396065,0.9961778220604709
-1.1968067407522058,-0.9308772337304151
-2.5528893866095634,-0.5552830472336376
0.20349780332659906,0.20209618861966222
-0.6890042276184882,-0.6357688812845834
-1.1157308585423984,-0.8982322554238432
0.8244394660347933,0.7341673126430978
0.11957501490019595,0.11929026761367513
-1.434234494060711,-0.9906899151733631
1.334837203557739,0.9722905689324789
-0.7879440799450093,-0.7089047224742868
-2.0819534878699923,-0.8721790237521044
-1.0551794836703092,-0.8699887400108836
-0.11838978830266722,-0.11811342070729447
-2.8926756764999397,-0.24635446001420724
-2.9987203259510666,-0.1423867598740178
-2.4097230881083975,-0.6682616210862945
0.8562627584895504,0.7553989598046944
-0.8113004508076544,-0.725183220464299
-1.1338099282765046,-0.9060311646990921
1.8860288089841033,0.9507243264089127
-2.7702618154425127,-0.3628558881620302
-2.632539427176537,-0.4873507367623391
-1.4011553275556798,-0.9856454399884386
-1.8025386378377999,-0.9732677095958129
2.5727463025404207,0.538660431673184
1.1393377277902275,0.9083567356358211
0.5874600316327268,0.5542486674784285
0.6395437498649059,0.5968294229198451
0.6474693599025416,0.6031698684568028
-2.893419939651286,-0.24563306703916632
-2.545284842678841,-0.5615913364942393
-0.6868191061768698,-0.6340807144076768
-2.088333899710217,-0.8690400785205
0.039051215263164796,0.039041290519576846
0.5052129202488622,0.48399377172273195
0.4165037731975345,0.40456560138893694
2.7300327225060848,0.4000394876983538
0.7784945956719391,0.7022084103870407
-0.7836482024387967,-0.7058682898487676
-2.95793093469281,-0.18263092418725527
-1.461143117444982,-0.9939941082758007
-0.3368483293337068,-0.330514188567938
0.4707874187443082,0.45358818248733207
-2.6872571610730516,-0.4388653156479119
0.5986648223162394,0.5635400007339707
-2.03953480243369,-0.8921389056853721
-0.6639115580612618,-0.6162022541492278
1.7883328743899112,0.9764320859136427
-2.7042576315534843,-0.42352681214188814
-1.9563533131153135,-0.9265891076202466
2.242109600855863,0.7830054654021605
0.7918362621866066,0.7116445186245007
-2.782924527716822,-0.3510274244309962
-2.266566048762403,-0.767560555575154
-1.6109682948331132,-0.9991932149989867
0.45846365827861124,0.44257094073513487
2.4244311733111097,0.6572480030550065
-2.6505897761936503,-0.4715105230335541
-1.8610663449345117,-0.9581666282931114
-0.09760148351311315,-0.09744659787536603
0.49197114942505804,0.4723641826601649
1.575805756536436,0.9999874528330709
-1.9988095541074609,-0.9097921826903904
0.9255453786093071,0.7989488721255598
-1.0520370005839255,-0.8684349777782521
0.24474725119897833,0.24231111599798327
-1.3830933990557597,-0.9824354664729732
2.1593227657041343,0.8317596086144764
-2.225177797502214,-0.7934245592120093
0.5754676267327001,0.5442271599623579
-1.119978128558007,-0.9000909129578687
-2.56515414451888,-0.5450414133257364
-1.427104305736672,-0.989694052446173
-1.7189609796257834,-0.9890436832986147
2.002643030381618,0.9081943633774711
-0.48135229982416217,-0.46297823602285937
-1.1179357164798631,-0.8991991529381593
0.2647316998907101,0.26165032430240714
-0.06041799005222881,-0.06038123912479115
-2.8696190820490886,-0.2686329868096484
-1.0185831005613013,-0.851365609927324
1.376157104807275,0.9811175124064485
-0.8680017486445886,-0.7630388863755373
-0.6242604902666704,-0.5844973978874536
2.250918899525571,0.7774956400319829
-0.11710818707864679,-0.11684069389761893
-0.9875315083472334,-0.8346689964948578
-2.617862651957849,-0.5001136407733805
-1.1198295274454633,-0.9000261571984204
2.936333478161824,0.20382090161461114
-0.8662726598207584,-0.7619201452630513
2.016477385296964,0.9023172890858693
-1.6519781522365982,-0.9967065649840465
-1.6289203337606037,-0.9983112754197323
-2.859257022309164,-0.2785995638837471
-2.906358320035677,-0.23307087185940256
0.6729841321030348,0.6233222460094027
-1.3248258112572495,-0.9699014634412925
-1.8992823694832761,-0.9465318464572066
-0.5488709145358532,-0.5217243229198071
-0.051952842366863816,-0.051929474553338406
-1.09589283425223,-0.8893368540524796
-2.061980118261049,-0.8817751175961746
0.6695648890208568,0.6206448788517877
0.12468613849390309,0.12436331459536366
-1.3154961458768117,-0.967587532833982
-0.10901870426676608,-0.10880288326073807
0.06060446797686314,0.06056737574870889
0.39951284388305197,0.3889695956204971
-2.736014693685001,-0.3945498988666182
1.0149101980550022,0.8494331670471844
-1.176953142045455,-0.9234410986583195
-0.11680276242364407,-0.11653735575205287
-2.188271241514162,-0.8153430237690799
1.800596849275232,0.9737118520242909
0.9847746400861546,0.8331474760831576
2.494957301350892,0.6025044436090905
0.8598037247759818,0.7577144909883278
1.960007483627713,0.9252086810865174
1.902431236353717,0.9455112983679547
1.227088496238503,0.9415116742395571
2.8984063575702876,0.2407963848782286
-2.6492140932762522,-0.47272323681915973
-0.3174562216659975,-0.31215090098045484
-1.9373264154491,-0.9335765038405267
0.6986615101396914,0.6431933769552962
0.8686023492611592,0.7634269484882552
-1.0829028710332937,-0.8833222944421298
1.9057885294716224,0.9444128731234338
0.9347082138071077,0.8044257758450731
1.931313274252763,0.9357145913646437
-0.40663841530553313,-0.3955241022791306
1.8971880331004298,0.9472054247807568
0.11233380136536697,0.11209769586925511
-1.088685033988055,-0.8860179955373113
-1.0579264653179012,-0.8713399144889176
-0.5603692068041193,-0.5314989740616195
-0.3155365934287877,-0.3103266176890441
0.5423983611679759,0.5161916061863776
2.3298635637049774,0.7254782958229071
-0.8543278596807413,-0.7541296748019284
1.5443648945012116,0.9996507100292603
-0.06516810290194464,-0.06512198582581268
1.081127308260208,0.882488578724136
0.746926900926578,0.6793869925030294
-2.164528816428861,-0.8288582840615726
0.37732379078599765,0.3684338432420267
-1.6686733148017256,-0.9952138703291156
2.7674744389192316,0.3654518788257002
-1.79772810219115,-0.9743612971094868
-0.4130658758080936,-0.4014192287417174
-1.3319909980486682,-0.9716212581133837
-1.534746714183786,-0.999350283082832
1.229769853603237,0.9424118533632431
0.4879307719513877,0.46879913403461176
-0.5923719804027483,-0.5583304309474603
-0.8160405317254846,-0.7284388723371681
0.8795497013710403,0.7704518924810738
-0.04199433724303869,-0.041981995325230864
-1.1144541161287087,-0.8976703682289523
1.8341405189127187,0.9655248491171532
-0.7714522190390101,-0.6971770677499798
-1.7248129392519111,-0.9881628684875383
2.103394223307589,0.8614908371184591
-0.26415685471133177,-0.2610954619558327
-0.24783785082791088,-0.2453084494035536
-0.768791571653594,-0.6952671869523988
-1.5177310510386004,-0.9985923686161565
1.506350057070592,0.9979240578131859
2.766387728559403,0.36646320569673835
-1.9529845793262068,-0.927850745137373
0.31202807536242183,0.30698941200278074
-2.934791302377623,-0.20533046136823088
2.4542087943404676,0.6345173181046736
-2.6664881902499276,-0.4574313431712322
1.7662620124092943,0.9809573288884417
1.1549282230935924,0.9147659650500423
1.1495275043382422,0.9125708298357481
0.38557176359504597,0.3760889849346823
-0.9306989395589644,-0.8020375948673911
-0.9606050600103488,-0.8195384323364975
-2.7625464886489333,-0.37003450792774867
0.07976426493700384,0.0796797106378486
0.555919477840376,0.5277245419652176
-1.7567760650183957,-0.9827555594552655
2.1528283815214957,0.835347309070934
0.5661574375833998,0.536393015743551
0.9561988699680901,0.8170056314335176
2.3339409181758812,0.7226660541216188
-2.4805970399313897,-0.6139030750242458
-0.19800527487239306,-0.1967139734165728
-0.7326989957332666,-0.6688784261638983
1.825057528168709,0.9678493901463557
-2.529864456302171,-0.5742831173949869
1.7699548886539027,0.9802333988214522
-1.9592927482065836,-0.9254796573092058
-2.7082246512757195,-0.4199298310175876
1.62462247183067,0.9985517227748557
1.9561298265417424,0.9266731322582508
1.8177702452485818,0.9696566488793577
2.742228484026115,0.38883262501732696
-2.9272785558458434,-0.21267726785451482
2.3327756775580735,0.723470974551691
-2.2117744281027623,-0.8015112566598566
1.1758401986586708,0.923013445727286
-2.97602331810044,-0.16481390731657664
0.6983175714761813,0.6429299837826006
-1.4743943392623249,-0.9953569258781312
-0.9134498315237907,-0.7916163568537207
1.530495659874827,0.9991880380270709
1.7720046695311416,0.9798258017631989
-1.1297039896408452,-0.9042858540344259
-1.567667950083621,-0.999995106633567
1.8764826125920067,0.9536406410174707
-0.0769591098408009,-0.07688316465551755
-1.314730006087555,-0.9673937711011767
1.2935973823346014,0.9618257546430748
-1.1493275574370683,-0.9124890495732133
-0.1660689678254097,-0.16530668642900048
2.3013357997392365,0.7448145358023897
-1.9182461437864957,-0.9402441094894751
0.17846230789844153,0.17751651368904053
-2.244787892632893,-0.7813367218617537
-0.001973363008272777,-0.0019733617275072973
2.735356123627456,0.3951549565051586
1.8885807540902988,0.9499300328131157
0.30365285450717394,0.29900793248879204
0.8330596681503502,0.7399928096616205
-0.14504029116378447,-0.14453229793775194
0.32468276860431056,0.31900814523253573
-2.0115655772439975,-0.904423741435796
-2.4624096722969755,-0.6281575227659205
-0.8210381447606832,-0.7318536799774716
-0.11469375470319054,-0.114442460537021
2.819741328499693,0.3163233638848887
-0.9637197024986084,-0.8213192198694886
-1.808617329018239,-0.971853621965997
-1.613828683094635,-0.9990742510261117
-0.5383835531931274,-0.5127488801047755
-1.5695006277879433,-0.9999991605821591
-2.021285975890194,-0.9002340139370222
-0.8131488274603287,-0.7264546916897529
-2.5641457881468863,-0.5458865512698406
-2.000225727885026,-0.9092034677154541
-1.2833663831426028,-0.9589756233454155
0.9093918596516515,0.789130350166137
-0.13386967301779062,-0.13347018275557043
-2.069103119106998,-0.8783930705168691
1.3685549581772278,0.9796188252152302
-0.30049994311562234,-0.29599778361066437
2.171484647445766,0.8249467643496317
0.07590065764695364,0.07582780249491237
-0.6833437375187836,-0.6313895031145587
-0.4585272726892402,-0.44262798501242384
-2.02430098574606,-0.8989171696951235
0.06940906211239639,0.06935334447868921
-2.2778004091135324,-0.7603113100445383
1.1360803436922975,0.9069896933958492
-0.7059670428545113,-0.6487700374183734
0.6026608030984475,0.5668365275677898
-2.574371038101398,-0.5372908442917119
1.2861709766397267,0.9597669209001809
-2.2088004163813286,-0.8032861080560443
-0.4441924313322376,-0.42972881992233886
2.148104005348726,0.8379350731431661
2.607802157107492,0.5088001688262461
-0.42561014530291796,-0.4128765709637942
1.0318847624118712,0.8582677771183189
2.6447976957990793,0.4766103918683622
-2.304739608012058,-0.7425389611290221
1.5925722267770581,0.9997629144588348
-0.8848570861261913,-0.7738244733711246
-2.713538650965777,-0.4151011692569142
2.616368240040515,0.5014071824682783
-2.7417826904270637,-0.38924329975974364
1.3932344930635585,0.98427727191857
-0.690570470153745,-0.6369770514547378
-2.199965891809268,-0.80851647605765
-1.6099795552147078,-0.9992324355179428
-0.06296149996415057,-0.06291991006507709
-1.3245901522688774,-0.9698440540780433
2.0010389341110297,0.9088645870192319
-0.0048850746480813,-0.004885055218571443
-2.4762905483380617,-0.6172968362591857
-2.8789254093122034,-0.25965723251533557
-0.912394531006214,-0.7909711080938113
-2.233308701103695,-0.7884493608667454
0.4178296387977358,0.40577776143425964
2.5536441965642886,0.5546551427824835
1.8953414573041565,0.9477958721971896
1.4678608808338574,0.9947068232049668
-2.007658072355671,-0.9060839121594534
-2.5376781416518974,-0.5678689251445074
0.3266956746834868,0.3209152333763276
-1.394977813828148,-0.98458369928722
-2.124762133936817,-0.8504449466628345
1.4666139392200517,0.9945779219782431
2.248109540796462,0.7792593424344869
-0.03608814471354416,-0.036080311965872795
-0.8502285545295134,-0.7514312276539918
-1.488761523000508,-0.9966370321009376
-0.4524013275037042,-0.4371265463393435
-0.3110575830622384,-0.30606563750753424
1.4152667638206102,0.987929638256046
2.5435000684671047,0.5630671897692578
1.9635421015611962,0.9238616628407851
-0.3686475387530508,-0.36035416502032525
2.2323841011910117,0.789017744871134
1.7726788215877445,0.9796908475085017
-0.018994906743779794,-0.018993764516805796
-1.3258836264120837,-0.9701584963500923
-0.36899349296999695,-0.36067685492738777
2.8121534144162226,0.3235124739881753
-2.785032227832088,-0.349053069196026
-1.3385200079166866,-0.9731449233256505
1.950704599166805,0.9286986553244599
2.1436509212440686,0.8403571164025486
0.2603789511678265,0.25744674803528406
-0.5815830698594082,-0.5493474283443455
2.313035627779585,0.7369567748939975
-2.5808136334666885,-0.5318460654539068
-0.012997153200992706,-0.012996787277918592
0.1402124596387786,0.13975349242609672
-2.5082710441185783,-0.5918254547910768
-0.8700708855351138,-0.7643746439800391
0.6925696701730528,0.6385169263301698
1.1648150626865448,0.9187153182679749
0.8511066337255158,0.7520103045754345
2.1224024346216437,0.8516839307927334
-1.599208881072815,-0.9995963905327251
-1.1894930638414754,-0.9281804401412073
0.3648853236981271,0.3568421702716658
2.3310976312650435,0.724628402731159
-1.0986503777759378,-0.8905943651829239
-1.4311255357570785,-0.9902618813966771
-0.49319669752984296,-0.4734440300054319
0.9227519314334742,0.7972657808701773
-2.122989199608239,-0.8513762866011602
0.4879771145954539,0.46884006821119784
-2.9786898584557173,-0.16218324991950292
-0.18878427927828012,-0.18766491280860817
-2.351435565253816,-0.7104638295419707
-0.9369623247023458,-0.8057627927892254
1.2368577641070733,0.9447587454216184
1.2030023501438976,0.9331228084424943
1.691338561939732,0.9927435777387154
0.37189571568592417,0.3633822087044735
-0.3238738733982993,-0.3182414089229496
-2.527710310333088,-0.5760452897690431
1.1375820952192077,0.9076211372980211
-0.4501075905520162,-0.4350624111943257
1.2468127348967126,0.9479747848938241
2.2403098865043294,0.7841236457373402
0.9770572707775327,0.8288546104239234
-2.0062293888111262,-0.9066874604285337
2.2634133820026108,0.7695775228290613
-0.9522595407110401,-0.8147277638371462
1.6037301218078301,0.9994577315892827
-2.0833960851344893,-0.8714724168801629
0.954720277655245,0.8161521384356233
2.45987875665866,0.6301247793409138
-2.270506066375818,-0.7650291459583365
2.0456812304523506,0.8893453537153229
1.953555261930175,0.9276377569925109
1.8330530335811552,0.9658073624224645
1.4964074091148145,0.9972344201427917
2.36270325798547,0.7024894419352714
2.5445596355010265,0.5621912358807795
-1.7031010821365467,-0.9912604854603851
1.8669768795033503,0.9564582419334801
-2.1694359250025848,-0.8261029915842484
2.162651565524193,0.8299070671636831
0.7707971569501328,0.6967073048638405
-1.942442172483035,-0.931730919927653
-2.9665843732832196,-0.1741162914252605
-0.21093372549960643,-0.20937302124570675
1.03394566914789,0.8593236154138728
-1.0970013539384351,-0.8898431810657856
1.5766327012893635,0.9999829684147262
-1.5163154098059648,-0.9985162818904981
1.007204616148936,0.8453417830405486
2.6011949120699764,0.5144770973308803
-2.049280074621457,-0.8876940765799344
0.32165705114188325,0.3161390596584967
-2.5189683055486487,-0.5831690575667505
0.2842726648769216,0.2804593813621412
-2.6418777072127435,-0.47917536104088887
-1.5308750616029905,-0.999203252116422
-1.4625082067047972,-0.9941425687225246
0.29866190312278906,0.29424160970512525
-1.2656753919742614,-0.9538106296914177
2.03713840987301,0.8932189401639593
-2.1345019795922546,-0.8452809067093646
1.9493707012838533,0.9291924853685499
-2.1354557738547957,-0.8447708888740159
1.6946656930245698,0.9923379944838632
-1.942884079727241,-0.9315703506034139
-2.2256814243087635,-0.7931179167778751
-2.8952522409845107,-0.24385649079725544
-2.199111617214967,-0.809018898970012
-2.201069616702539,-0.8078664708229439
2.162629457102695,0.8299194012858672
-2.2393615272212894,-0.7847118491975333
0.0337715425302072,0.03376512339273525
0.6361497520740005,0.5941027549351328
1.3163392538420888,0.9678001039177808
0.6606895414239728,0.6136614385399765
0.14619549688375244,0.14567527740046735
0.6882910983182251,0.6352182697975224
-2.8219879151944514,-0.31419133973869817
-2.1207868701273904,-0.8525294649007193
-0.4272681267272578,-0.4143860707006929
-2.66603461074099,-0.4578346393866955
-1.992689011554347,-0.9123155433195745
1.9228843516131002,0.9386546864753549
1.139446210397952,0.9084020973023544
2.458450198783246,0.6312334024543835
0.7876145861291057,0.7086722906060573
-2.010944609531311,-0.9046884938040323
1.0959029349939495,0.8893414725977443
0.37141174357137174,0.3629312783110127
1.5793182167978381,0.9999636889151402
-1.8633805852509495,-0.9575017021172454
0.09284590581330976,0.09271256907361342
-2.0466923181662207,-0.888882593413235
-2.690497469258447,-0.43595142861674513
1.3801051689593322,0.981873469271297
-2.429170964322646,-0.6536683746778129
0.9776765109970791,0.8292008941336705
-1.7017957317221533,-0.9914318415444506
0.8251076513101001,0.7346208255364991
-0.6956395433753899,-0.6408765121907325
-2.1173099528707864,-0.8543416203647148
-2.93043385427558,-0.20959310118410335
-1.9919248895200168,-0.912628175682344
0.5629286316663666,0.5336652145620989
2.5290161181263837,0.5749774084500849
1.6816924135602163,0.9938573280281839
-0.4140958131086352,-0.40236232950256123
1.5045691622434356,0.9978077827756998
-1.317787526636496,-0.9681636480421392
-1.0679179722040413,-0.8761989717454207
2.4407078876023824,0.6448941413521664
1.0094335258527298,0.8465304234143367
-2.903455091563673,-0.23589315848665246
0.3560592802389815,0.3485834004356485
2.1225499096990212,0.8516066363616922
2.1901122682580807,0.8142757282717513
-0.8467088845279562,-0.74910425959767
1.93366814322893,0.93488129881397
2.347855541001503,0.7129786550895076
-0.7177320214133998,-0.6576778982916412
1.0202688671966218,0.852248707084527
-1.1439561758790078,-0.9102784584591418
-1.9963658250458753,-0.9108037692648829
1.5234240005933124,0.998878141179103
-2.749505412499826,-0.3821180937562033
-0.4246800349419768,-0.41202926008113383
-1.2224294394959276,-0.9399314506829184
0.9695571511133121,0.8246352901923274
2.626551888262343,0.4925703263946508
-1.3273182266802814,-0.9705053477672695
1.1414607311508371,0.9092425198077073
1.9784367894583204,0.9180588025403785
-2.116577622648291,-0.8547219919225425
-0.17278536395278188,-0.171926901520229
2.9603946701856696,0.18020807309171002
2.3054489592756084,0.7420636488381598
0.7062019825198118,0.6489488049600166
2.353752623609675,0.7088313317538355
-2.517494027744207,-0.5843660541547969
1.4119443482761778,0.9874095334993364
-1.8997034685238348,-0.9463959116139838
1.4009722140063534,0.9856145086758339
-0.11596699773247643,-0.11570724509891363
2.677940679536224,0.44721749971757874
1.8703660123944097,0.9554635672721844
-1.0384739823675984,-0.8616307223517234
-2.098143235259256,-0.8641452585675627
-1.2596874531625448,-0.9519947129817956
1.5204545792305186,0.9987331218132119
2.3440594127122667,0.7156353024923419
-1.619397291979633,-0.9988192055440129
-0.855605123202106,-0.7549678710040915
2.4014180723090632,0.6744168241385683
-1.3075046536266406,-0.9655385190407096
1.7938156571341857,0.9752340946990873
0.9012231063657818,0.7840866186229248
1.382931778410006,0.9824052947988348
-1.488974613237916,-0.9966544706890447
0.9686406058861037,0.8241164865452517
-2.6155664626159023,-0.5021007282306874
-0.2839677994341443,-0.28016673839238415
-0.03621347691221288,-0.03620556227623607
2.350859335176125,0.7108692241033684
-2.7198605419306556,-0.40934141258456874
-0.9216799294614613,-0.7966182320286945
2.9662549289105398,0.1744406941125687
-1.8079390733185934,-0.9720131856344941
-2.980101759988105,-0.16078987984584733
2.0576234249524097,0.8838216644985629
1.7709290975425969,0.9800401917273825
-1.9768594110467304,-0.9186830027447188
1.2811826985925503,0.9583542878603662
0.5310893687216258,0.5064729560900618
-1.1270711482636724,-0.9031586887470185
-2.301752825051279,-0.7445362019231428
0.7315621635798037,0.6680329051430046
0.5353480510629236,0.5101404259525147
1.6216764537583117,0.9987058855584889
0.15071871632566758,0.15014873973211085
2.2221024688900126,0.7952926602716484
0.299562187634546,0.2951019202239859
-2.077122586072325,-0.8745320508081502
-2.202531414826505,-0.8070040745112493
2.1022831504100763,0.8620544782020706
1.1268479555947302,0.903062848107772
-1.1494353715972372,-0.9125331511645245
-1.7392923991580584,-0.98583809022729
2.2330339532913683,0.7886183283950222
0.7607255844197942,0.6894471934315268
-0.13798544862461082,-0.13754799183445424
2.745806130706269,0.38553402762800515
-1.3837149904237052,-0.9825512672760361
-0.23807203923258102,-0.235829484305781
0.6188941237358909,0.5801347565616513
2.0215273272272967,0.9001289018052991
2.3387246182850516,0.7193513172499857
1.2470703024794236,0.9480567489087001
-1.8339592149796802,-0.9655720286383134
-1.5062223746646923,-0.997915826718821
-0.2557465373637964,-0.2529677350826286
1.1043532425961047,0.8931735232842067
-0.5951738254928061,-0.5606526993509761
-1.6535506673993192,-0.9965778132325026
1.4039220218999677,0.9861087639259956
1.5026438138488265,0.9976785162604926
-1.578897032025154,-0.9999671894668096
1.142847903528505,0.9098190786113278
1.5439356598365297,0.9996392739745732
-2.851045715456061,-0.28647628242557643
0.2882768145250285,0.28430056944564325
-0.3613808763375652,-0.35356625478096565
1.1216066261375754,0.9007992589904608
-0.6744961112167229,-0.6245038479367119
-0.5359035360123316,-0.5106181148984473
-2.147986604227169,-0.837999141369919
2.7059300714410846,0.4220111847211465
-2.748772731941381,-0.38279507112701666
-2.1647005576599208,-0.8287621897267021
0.6697479438168195,0.6207884002149155
-0.27624008484678475,-0.2727402167601334
-0.23623806365768374,-0.234046841416376
2.8372987691376963,0.299619574238743
-2.5633542113709478,-0.5465496099818918
0.47435349177819397,0.45676341658535424
-1.293383348441241,-0.961767159541279
1.8866419586747245,0.9505340483062835
-0.9153428924536406,-0.7927716328645085
0.5943537632959321,0.5599734575392706
0.7324023422719801,0.6686578729143067
-2.3879779089238857,-0.6842791694290539
1.4017852035170524,0.9857515854787032
2.3720745981642724,0.6957891646427073
-1.503332036514664,-0.997725147784187
-2.9448339989067485,-0.19549155850448424
2.023866162484971,0.8991075888749392
-2.5357509241720093,-0.5694541989025672
-0.5819338908032097,-0.5496405384232113
1.135971707231711,0.9069439354923383
1.6520688802505195,0.9966992035037077
1.1602004893752227,0.9168831536780789
-1.6807616790567088,-0.993959900929917
-1.7631838186125037,-0.9815505377109186
2.856408462396372,0.28133420775004875
1.3676911216482672,0.9794449447604862
-0.6610154663168339,-0.6139187462228212
-2.2410026966258196,-0.7836934964177114
-1.3795177322388599,-0.9817619585359526
-0.03849833278757675,-0.03848882362368361
-1.4800477027828554,-0.9958851686933603
-0.06017372997242898,-0.06013742292593387
-2.484934107349975,-0.610473711555536
2.0400886420675732,0.8918885656193853
-0.5727462267152301,-0.5419420618906461
-2.9080733379509587,-0.23140274401689212
-0.9418775133589179,-0.8086640113069582
1.9774678313982985,0.9184425093481738
2.0420898897264985,0.8909817055149533
2.7368511719253945,0.39378114238498696
-2.5737936238954084,-0.5377777441222177
-2.0632344592319143,-0.8811827889952718
2.0006337582537705,0.9090335077414611
2.853166532994245,0.2844437112618293
2.227158160217482,0.7922176195514641
0.7286771350287853,0.6658832866754801
-2.987905028335518,-0.1530833253353532
1.644709626203949,0.9972696554542126
-2.473585484816839,-0.6194227306941472
2.5523707637799813,0.5557142911422751
-0.008937475454050325,-0.008937356469218456
2.8577604573834776,0.28003656331497273
2.7391765175608738,0.3916426121401105
2.248168365091245,0.7792224758074691
2.077891202402456,0.8741590384094583
2.7364282176558294,0.3941698885042143
-2.6418991691069422,-0.47915652341417936
2.22063539812486,0.7961811800835311
1.2970712556464656,0.9627706183751078
2.2035898532211906,0.8063785661660936
-2.218897296085559,-0.7972316299625624
-1.842494822719751,-0.9633164641400647
2.1171931093517635,0.8544023394928262
-2.2097284121194845,-0.8027330541672896
0.736278568766497,0.6715350888937025
-1.9258357480120476,-0.9376327856555188
-0.3727121535100908,-0.3641427137675521
-2.7905938779224106,-0.3438358588783332
-0.02911945208287836,-0.029115336987234598
2.0552165299052563,0.8849451065519942
-0.5670001024888709,-0.5371040077056449
2.280448673824729,0.7585884421037056
-1.0213049923101407,-0.8527902847253024
2.3439478605283384,0.7157132143544391
0.7022174509487824,0.6459121020445476
-0.840618708517316,-0.745055942355078
-1.414898893084564,-0.9878725870216034
-0.8526970621390761,-0.7530576860781355
-0.9465408817547827,-0.8113985317579575
-0.48582063002302833,-0.4669341932108616
-1.8084955018380164,-0.9718823154735318
-1.3217141094217113,-0.969139076664852
-1.8185131126091114,-0.9694747719476472
2.408864819057177,0.6688998638362811
-0.599232788443036,-0.5640091002569179
2.5494965806571326,0.5581015117118404
0.253288155854297,0.2505885511044822
1.2198133641904114,0.9390352033615756
2.6026711047224076,0.5132106959488838
-2.3391960008620982,-0.7190237931106508
-0.816260111435188,-0.7285892912057659
2.906034117402772,0.233386133617047
-1.1066190878943865,-0.8941902078723458
-2.809039182537529,-0.32645766109370883
1.9139409764049038,0.9417013058401976
-1.6093160212367172,-0.9992582082973548
-0.5647119656135224,-0.535172523245131
2.20725847167742,0.8042035247472346
2.76637154552892,0.36647826286697227
0.6841256658704591,0.6319956687725732
2.0335424500029564,0.894829984207961
-2.2508819180685853,-0.7775188967069846
0.8397067115734682,0.744447328825313
-2.310611367359485,-0.7385932620088146
-1.6869980506543325,-0.9932561732135696
-0.979189975398886,-0.8300458961138596
-1.7677109340064674,-0.9806748848481704
-0.6210651506253511,-0.5819017339149701
2.4242462713078003,0.6573873477206198
-1.454706993830028,-0.9932691975845919
-0.35307028755650993,-0.34578033108509604
-1.7828195001983809,-0.9776071628344457
-0.3102706095264822,-0.30531633580705003
-2.214542523097012,-0.7998529234690188
-2.3691132055396764,-0.6979131192122521
-0.6737277602620888,-0.6239035648613093
1.0210638231253384,0.8526643084726542
2.8308587184298926,0.305757505310023
0.34353581316539383,0.33681840493181153
-1.0468395684000205,-0.8658463568986673
2.295851577052698,0.7484627824195881
-2.7226816472894093,-0.4067658633698945
-1.6795780560236442,-0.9940891000122277
0.29406298451919843,0.28984318420092126
-2.8226005903827143,-0.3136096316852674
2.3935732085897152,0.6801882740260861
-2.7839450688420175,-0.35007164262587676
2.667955819182314,0.4561257693968407
-0.9069221061960144,-0.7876109587816362
-0.9265563224210629,-0.79955644430535
0.9589793892181682,0.8186058010673125
1.4037771529207923,0.9860846907119409
1.2570058535709379,0.9511704146542086
1.9137943765650016,0.9417506192473377
2.1413249672780204,0.8416155861894634
1.6165751508290533,0.9989523326206395
2.730162140161956,0.39992087333820453
-0.9621461038795989,-0.8204205143233977
-0.20878700109657133,-0.20727339634952474
-0.7041203740233568,-0.6473636456115246
-0.44404987067837665,-0.4296000892737464
-1.999740817508947,-0.9094052542569308
-1.05993282265964,-0.8723226392503945
-2.184876713684475,-0.8173036800794634
-1.0083376553834982,-0.8459465391554147
2.264484649047523,0.7688930201644487
1.598050829065456,0.9996286190425715
-0.9060158827369778,-0.7870522451599584
1.7762130755009684,0.9789760631500697
-1.6648827427436552,-0.9955771373034515
0.8895185595604338,0.7767686330790424
-1.7939313381737203,-0.9752085023989858
-1.7680710209758008,-0.9806043722363218
0.65672911369718,0.6105296020387682
-0.8234482107014229,-0.7334939208177262
0.22240317468847604,0.22057424270738984
2.7931128616671206,0.34146936979587256
-0.14209609950836022,-0.14161839783665592
-2.987691297610986,-0.15329453337853033
-1.4832544747273488,-0.9961706585430518
2.2865104534588365,0.7546248548326967
-2.176736365543694,-0.8219670759092348
0.7171006117712997,0.6572021268032738
-1.368222904424902,-0.9795520730604599
-2.0412596146936446,-0.8913583757861296
2.418141349378062,0.6619754499731019
0.25877061592110895,0.2558922934644592
1.1157829072842151,0.8982551307284662
-0.14683681480326705,-0.14630972403371037
-0.5301536577089934,-0.505665912194088
1.9451297632953874,0.9307515590775266
0.48747266681495915,0.4683944383911096
0.6835904171058518,0.6315807754997224
-2.173744474743252,-0.8236673810404405
-1.8001294673427042,-0.9738182074651045
-0.32785545468867916,-0.32201345412912336
2.8346540048190594,0.30214178396840474
2.9667742828051855,0.17392927961410046
-0.6054448250486946,-0.5691278895121822
1.8754374786331773,0.9539546508049243
0.5385815436667967,0.5129188525245238
1.732495219153579,0.9869551943372632
-1.6520542909389457,-0.9967003878033559
2.9214692756386613,0.2183500256474185
-0.36445865633938723,-0.3564435602227536
-2.728312633777435,-0.40161535283638994
0.680113043750127,0.6288809197367671
-1.419801913764066,-0.9886219858576017
-0.3803538225409775,-0.37124902866936343
-0.7364571545486114,-0.67166740538347
1.7224378511959078,0.988524439533172
-2.6556009835264995,-0.46708543573080835
2.9051235467325345,0.23427146121657277
-2.1125941342877432,-0.8567829782188106
1.1357855196055366,0.9068654879843718
1.4896885278341312,0.9967125652590945
2.4170842643316197,0.662767392188425
0.8465019813872896,0.7489671801407852
-2.2221918886544105,-0.7952384485340097
2.0615803253333187,0.8819636174748821
-1.281257322401776,-0.9583755964060479
-0.9655091943681278,-0.8223387536938087
-0.3134968867587107,-0.3083869671470813
-1.3184012302779609,-0.9683170868405052
-2.068137102846104,-0.8788543573632897
-1.850049223095948,-0.9612616364056005
-2.6891767988491684,-0.43713961209028535
-1.2499703509701263,-0.9489752699363355
1.6896286277547263,0.9929477467939878
2.7182126697073414,0.4108443438999214
2.320311057162484,0.7320195612998872
-1.254072782383011,-0.9502609845106834
-1.7189465457556377,-0.9890458139688728
1.571748017155075,0.9999995471427634
1.4643983446485596,0.9943450724502502
0.8855479365500907,0.7742618733993999
2.00347453450439,0.9078460245014127
-2.1303830786427866,-0.8474745503772994
-0.9718141987128743,-0.8259099209778918
-2.601571033996825,-0.5141545348455325
1.534590214597971,0.9993446303172085
0.2032804304535829,0.201883296315636
-1.5548138749912,-0.9998722833358549
0.11587173799734263,0.11561262466427384
-0.13207270831105866,-0.13168908126434933
-1.7596263115695905,-0.982224530699197
-2.4213076824654456,-0.6595988881186641
-1.0603565670526758,-0.8725297425629921
0.025541755644896913,0.025538978574937646
-1.300162735993646,-0.9636017043457188
-2.9279029175344933,-0.21206714858639586
-2.930749561496408,-0.20928439579261518
0.3691843807881874,0.36085488767493773
-2.768900476580084,-0.36412410871787954
0.9946663833104665,0.8385772642444013
-2.3858087807135355,-0.685859330368152
0.8760783255918798,0.7682342591741378
-1.0132002185505273,-0.8485295758919863
-0.22705883805989213,-0.22511283106905852
1.4031349174331318,0.9859777197232508
-0.7721185226922422,-0.6976545853591919
-0.667162168537832,-0.6187591357503162
-2.90088931465773,-0.23838574739067592
-0.5749727181762267,-0.5438118957847514
2.9813272560386324,0.15958020870375986
0.2313351466946405,0.22927730741969277
-0.8536236404076867,-0.7536670090626882
1.3976659853873556,0.9850503403747597
-2.5535402199195776,-0.5547416567047565
1.3613862795159655,0.9781537260031672
-0.002506481736677113,-0.002506479112203282
-1.5426630039215572,-0.9996042841733092
2.1932997410307777,0.8124213361688957
2.0092791741561937,0.9053968368985776
-0.293647093162269,-0.289445120279023
0.8986508844647147,0.7824875733452686
0.3402010499806165,0.33367662620681143
2.164157913141115,0.8290657320847804
-1.1363652380241942,-0.9071096406371153
-2.7332364159664504,-0.3971012614478446
1.9470794836199037,0.9300368709094651
-2.903101740766431,-0.23623652263618583
1.9262391175494464,0.9374924871050856
0.9147136561867084,0.7923879446263575
-0.055884136491552105,-0.0558550529983897
0.9792651436368285,0.8300878147258488
0.8963696556266472,0.7810650944498765
0.38665460001492935,0.3770921026641027
2.0714590841907565,0.8772646263542527
1.8172159078925079,0.9697920191992143
1.1998187121980513,0.9319733796109013
2.6733086013172436,0.45135573479548546
1.287875168806572,0.9602440605295406
0.1265112308963583,0.1261740302172736
2.8141752757436747,0.32159868052331486
1.509013402046496,0.9980920421308521
0.02621212352760338,0.026209122013089035
-0.6294074748091472,-0.5886658778964426
1.8363449846880622,0.9649486570425615
2.4402827700966307,0.6452189884346045
-1.469029931579092,-0.9948262678184437
-0.7900199212332226,-0.7103672937433388
2.754949565814142,0.377081440282104
-1.6061546865282335,-0.9993749583221888
-1.691810815835592,-0.992686678259036
-2.9207542855649447,-0.21904770750954206
-0.2931605648254729,-0.28897938373831417
-2.092323426992867,-0.8670593823235402
0.45029031869993563,0.43522693240915034
-0.4880914340609692,-0.46894104159638006
-2.05187230925763,-0.8864975431266898
-0.9384162683652328,-0.8066230220817565
1.268423661927124,0.9546326303208741
-2.0246014601808193,-0.8987854856741704
2.658824749669579,0.4642325202191126
-2.545551325891265,-0.5613708244156708
2.2723048161146604,0.7638695219379062
2.757532452674594,0.37468796670580135
-0.9736736765721368,-0.8269568700299926
2.3232859331135804,0.7299895909091461
-1.9175637182349883,-0.9404762571998867
0.6627422442733231,0.6152808956427189
-2.6833236924454718,-0.4423963409061294
1.0848132288819192,0.884216193206215
0.34203701908557615,0.33540680816617896
1.9305895946555403,0.935969630084039
-2.6562990501749706,-0.4664680829367359
-2.796715765368952,-0.3380808172118502
2.1159253767733226,0.8550603818167204
-1.1190959506794538,-0.8997061959822785
0.38478178488285053,0.37535688637888964
1.348877103831101,0.975476820965759
-2.378982810209277,-0.6908108052097007
-0.680828540439125,-0.6294370585599309
-2.8317954801518015,-0.30486547162605815
-2.691019573706932,-0.435481490777115
2.428030637510214,0.6545309272900717
1.7026029970940497,0.9913260694298588
-1.929303433835141,-0.9364216882751591
0.050264290419297364,0.05024312764719043
-2.4935965342319806,-0.603589934816218
-1.528392920012721,-0.9991011102460539
-1.8850647426044338,-0.9510227812856961
1.702472131412403,0.9913432600099039
2.6543567199579874,0.46818526689203827
0.7931852212729167,0.7125915682096388
-1.254519356683633,-0.9503999774386207
2.045415105884202,0.8894670039780941
2.963456283291494,0.177195743264333
2.2420707512415126,0.7830296298472911
0.6877607498617078,0.6348085750446948
-2.6713028232743925,-0.4531446698720307
0.011946609702191857,0.011946325531243394
-1.3377759342202848,-0.9729733731685244
-0.5415936315089933,-0.515502209789182
2.9392477064306393,0.20096698680739256
-2.5364440281361045,-0.5688843147240283
2.60559693707037,0.5106973702311808
1.2964060857087958,0.9625905968656348
-0.44521631151216745,-0.4306531153066102
-1.331611149198964,-0.9715313378032271
-2.663126557135067,-0.4604180681675393
-1.576776232341369,-0.9999821204181077
0.9818697288669735,0.8315373993587406
-0.28005164527029525,-0.27640528216341936
-2.5778065316619863,-0.5343901942133369
-1.383807420679116,-0.9825684543627385
2.87529490397956,0.26316149566708313
-2.7827504349012235,-0.3511904335609831
-1.6133385859565654,-0.9990952145650871
1.0931706805857457,0.8880888486445055
-1.0289733525927045,-0.8567700000504074
-2.2865912441037026,-0.7545718410646987
-1.1702622058823942,-0.9208528661499273
-1.3423831366318455,-0.9740269260015902
-2.6619463130024847,-0.4614654525660613
-0.4979855119573968,-0.47765668742966116
0.7294116255486847,0.6664310780189203
-1.0580842695185806,-0.8714173349871357
-0.5350250253686477,-0.5098625678086284
1.0000092038638115,0.8414759576410957
-0.5546549990775711,-0.5266500524133717
1.4129541609929932,0.9875687669965988
-2.254763681990899,-0.7750719605709102
-2.4692705119349068,-0.6228044560574818
2.1479802523222045,0.8380026074068331
-2.432378834552801,-0.6512373599701163
-1.8895311844261704,-0.9496326297939106
1.793179009034044,0.9753747078068089
2.0548960699325605,0.8850942978288325
